v1 = -3 0 -5
v2 = 0 6 -5
v3 = 0 6 5
n = 0.894427 0.447214 0

v4 = -3 0 -5
v5 = 0 6 5
v6 = -3 0 5
n = 0.894427 0.447214 0

v7 = 0 6 -5
v8 = 10 6 -5
v9 = 10 6 5
n = 0 -1 0

v10 = 0 6 -5
v11 = 10 6 5
v12 = 0 6 5
n = 0 -1 0

v13 = 10 6 -5
v14 = 13 0 -5
v15 = 13 0 5
n = -0.894427 -0.447214 0

v16 = 10 6 -5
v17 = 13 0 5
v18 = 10 6 5
n = -0.894427 -0.447214 0

v19 = 13 0 -5
v20 = 10 -6 -5
v21 = 10 -6 5
n = -0.894427 0.447214 0

v22 = 13 0 -5
v23 = 10 -6 5
v24 = 13 0 5
n = -0.894427 0.447214 0

v25 = 0 -6 -5
v26 = 10 -6 -5
v27 = 10 -6 5
n = 0 1 0

v28 = 0 -6 -5
v29 = 10 -6 5
v30 = 0 -6 5
n = 0 1 0

v31 = 0 -6 -5
v32 = -3 0 -5
v33 = -3 0 5
n = 0.894427 0.447214 0

v34 = 0 -6 -5
v35 = -3 0 5
v36 = 0 -6 5
n = 0.894427 0.447214 0